Dancer positions for color: 1
34 3
8 35
5 22
13 13
19 7
28 1
27 18
36 5
37 34
17 19
13 24
24 10
28 39
17 25
12 25
33 36
6 0
34 9
19 17
28 16
16 25
26 33
20 26
17 26
16 30
Dancer positions for color: 2
10 5
27 17
16 1
28 22
35 39
33 24
35 30
23 15
21 38
14 5
4 8
36 39
38 13
6 2
35 28
8 16
26 38
14 2
27 3
19 1
14 12
16 6
11 4
23 28
37 22
Dancer positions for color: 3
6 17
23 4
3 39
38 6
35 34
5 20
8 13
27 32
36 28
26 25
33 35
37 39
34 34
6 6
7 29
2 31
33 15
38 3
21 12
11 28
32 1
29 34
4 19
11 39
3 9
Dancer positions for color: 4
16 11
0 33
12 18
16 28
0 22
17 30
34 4
3 13
35 4
18 1
5 18
10 38
6 5
39 3
33 37
6 39
12 36
22 24
38 12
24 35
25 39
36 2
8 26
19 32
29 26
Dancer positions for color: 5
6 7
39 25
30 11
25 33
17 17
1 34
30 10
0 26
5 13
16 19
3 6
37 36
4 15
22 31
25 31
28 25
29 6
1 3
22 38
5 25
36 13
21 17
17 20
37 10
26 21
Dancer positions for color: 6
36 11
5 23
4 34
2 39
11 12
33 21
11 21
8 29
29 0
33 4
16 2
9 39
15 19
19 6
35 11
32 35
8 7
2 11
20 25
23 38
7 1
10 0
36 16
30 34
26 39
Dancer positions for color: 7
26 24
0 4
24 25
39 23
25 15
14 13
1 39
35 19
35 18
3 31
1 1
4 29
20 13
17 27
23 1
2 0
29 1
38 26
23 16
38 32
13 1
30 7
1 8
17 34
15 37
